20,2
19,2
20,1
19,1
20,5
16,6
13,129
14,2
13,71
13,59
21,7
13,50
21,6
13,47
21,2
13,45
13,42
21,1
13,41
21,5
13,40
13,39
15,2
13,38
13,36
17,2
13,33
13,32
18,2
13,31
13,43
13,27
13,57
13,26
13,44
13,24
13,23
13,63
13,20
13,18
13,22
13,17
13,30
13,15
13,13
13,55
13,12
13,52
12,6
13,29
12,5
12,2
13,37
12,1
13,19
11,6
13,34
11,5
13,74
11,2
13,14
11,1
13,68
10,37
10,35
13,16
10,33
13,128
13,28
10,29
13,76
13,51
10,27
10,26
13,2
10,25
0,666
16,7
10,21
16,1
10,20
16,8
10,19
10,18
16,2
10,15
16,5
13,21
10,14
10,13
13,9
10,38
10,11
13,10
10,10
10,9
10,8
14,8
17,5
10,7
17,8
10,6
10,5
14,9
17,7
13,25
10,2
14,5
17,1
10,1
14,7
17,6
13,35
8,7
14,1
13,8
14,6
5,2
13,62
8,6
8,5
13,7
8,2
13,60
8,1
13,1
28,10
15,8
6,6
13,75
28,9
6,5
6,2
13,5
28,8
6,1
13,6
28,7
15,9
5,6
15,5
28,5
5,1
15,7
28,1
18,5
5,5
15,1
28,6
0,676
18,7
2,2
15,6
18,1
2,1
0,674
121,1
18,6
2,5
